
# _objective_6cb12_00046_46_learning_rate=0.0001,margin=0.2829,weight_decay=0.0044_2025-05-12_16-47-13
hidden_dim: 768
learning_rate: 0.00010758866306767916
margin: 0.28292192255361887
weight_decay: 0.00436451694680779


output_dim: 32
num_layers: 0

in_batch_soft_negatives: true
loss_form: hinge
